	mean_fit_time	std_fit_time	mean_score_time	std_score_time	param_learning_rate	param_max_depth	params	split0_test_score	split1_test_score	split2_test_score	split3_test_score	split4_test_score	mean_test_score	std_test_score	rank_test_
0	12.765676021575928	0.7815786290161542	0.8944090366363525	0.0209518987300811	0.22706849106241142	9	{'learning_rate': 0.22706849106241142, 'max_depth': 9}	0.9115888197420728	0.9120795414083916	0.9132957001348023	0.912390905930822	0.9
1	12.795782423019409	0.770223736954706	0.9474887371063232	0.09550824040388783	0.30651047009184085	9	{'learning_rate': 0.30651047009184085, 'max_depth': 9}	0.9175228123931086	0.9208201257828572	0.9204100501184227	0.9216379129434895	0.
2	13.030650281906128	0.13129535121324773	0.9214818477630615	0.012503607646239605	0.1375386390679694	7	{'learning_rate': 0.1375386390679694, 'max_depth': 7}	0.8976321598675253	0.8973360150842079	0.8991639100938689	0.8983298947182926	0
3	8.306706857681274	1.1392825998706384	0.5955657005310059	0.10068614163184555	0.593435478183608	10	{'learning_rate': 0.593435478183608, 'max_depth': 10}	0.9201803736701994	0.9017940011675987	0.9006915007469927	0.9079560057614138	0.92
4	11.893601036071777	0.15306256536530893	0.8793821811676026	0.017248485855402996	0.4349348830359169	6	{'learning_rate': 0.4349348830359169, 'max_depth': 6}	0.9274146250964185	0.923149941659269	0.924425571828722	0.9267319112583445	0.9
5	7.693789672851563	1.032460999678358	0.5543160438537598	0.07209161503894564	0.5990152984063879	9	{'learning_rate': 0.5990152984063879, 'max_depth': 9}	0.9199889736630273	0.9052205355400416	0.9015569617523399	0.9025328646219826	0.915
6	11.849797773361207	0.5379620297240053	0.8538288593292236	0.04542764898038341	0.4730440048017679	7	{'learning_rate': 0.4730440048017679, 'max_depth': 7}	0.9223204241461183	0.928879905719876	0.9212592718156449	0.9308188404106559	0.92
7	10.561427354812622	2.096466274993928	0.8187515735626221	0.21123227825612392	0.592934895299653	6	{'learning_rate': 0.592934895299653, 'max_depth': 6}	0.9138427342758978	0.9258941922921251	0.9320453589534462	0.9082593208073596	0.9298
8	10.248702573776246	1.6248615734002394	0.8711122989654541	0.2262680724171547	0.5356707083483419	3	{'learning_rate': 0.5356707083483419, 'max_depth': 3}	0.8840714415709768	0.8857686563163538	0.8790468167897526	0.8827140700800468	0.88
9	12.318527364730835	0.2775939559265288	0.9094218254089356	0.044292499462783706	0.29359105130000873	6	{'learning_rate': 0.29359105130000873, 'max_depth': 6}	0.9161696370828967	0.9153460627152225	0.9198432054043646	0.9172772218782714	
score
126828451280229	0.9124075624688224	0.0005731987378106021	6
9205519298182083	0.9201885662112173	0.0013990571892296341	4
.8974521216000388	0.8979828202727868	0.0006838705417305247	9
40179735171256	0.9109279709726661	0.009528928865188928	7
245370672802253	0.9252518234245958	0.001579863669324834	2
9952358221666	0.9090589142799116	0.007499073567719792	8
51618672857305	0.9256880618756052	0.0036808912377473604	1
733633885943	0.9219829939434845	0.009310312818583138	3
63634473125948	0.8835928864139448	0.002610672885537669	10
0.9166434528296286	0.9170559159820767	0.0015295210333120563	5
